(0, 9, 8)	hit	0.4497911873561158
(0, 9, 8)	stand	-0.4651628267402512
(0, 14, 9)	hit	-0.5229341181909553
(0, 14, 9)	stand	-0.9703408799609874
(0, 15, 4)	hit	-0.03262786287459811
(0, 15, 4)	stand	0.9999999999999996
(0, 20, 4)	hit	0.0011911708477105965
(0, 20, 4)	stand	0.9999999999999996
(0, 14, 10)	hit	-0.006004672171678868
(0, 14, 10)	stand	-0.9699466085661813
(0, 13, 10)	hit	-0.19470310709584773
(0, 13, 10)	stand	-0.9621978594788284
(0, 13, 11)	hit	-0.4510671380534865
(0, 13, 11)	stand	-0.9683294141988924
(0, 7, 4)	hit	0.9858111219460333
(0, 7, 4)	stand	0.002256749642489241
(0, 16, 4)	hit	0.005045551044207127
(0, 16, 4)	stand	0.9999999999999996
(0, 8, 7)	hit	0.4941579689109349
(0, 8, 7)	stand	-0.3422348264825263
(0, 13, 7)	hit	0.17521354686267843
(0, 13, 7)	stand	-0.8965231166473003
(0, 18, 8)	hit	-0.09580135149433835
(0, 18, 8)	stand	0.9416473436750374
(0, 5, 10)	hit	-0.4846094539620595
(0, 5, 10)	stand	-0.8895202305900873
(0, 10, 2)	hit	0.8687799999999997
(0, 10, 2)	stand	-0.09272911754385761
(0, 12, 9)	hit	-0.01887986631150125
(0, 12, 9)	stand	-0.881873906374664
(0, 16, 9)	hit	-0.8489193340791251
(0, 16, 9)	stand	-0.45737066765644163
(0, 19, 9)	hit	0.0007684802912321397
(0, 19, 9)	stand	0.9682607293350795
(0, 16, 10)	hit	-0.6127831882900864
(0, 16, 10)	stand	-0.9745585306257232
(0, 20, 10)	hit	0.0029370366735782393
(0, 20, 10)	stand	0.8873027317608264
(0, 19, 10)	hit	-0.813709128879378
(0, 19, 10)	stand	0.08479121598319572
(1, 21, 10)	hit	-0.09908577686923686
(1, 21, 10)	stand	0.9999999999999996
(0, 12, 8)	hit	-0.2835332827787538
(0, 12, 8)	stand	-0.8405693997859599
(0, 16, 8)	hit	-0.7682522656815419
(0, 16, 8)	stand	-0.01827504155976016
(0, 13, 3)	hit	0.007046319177855998
(0, 13, 3)	stand	0.8004450585164076
(0, 15, 10)	hit	-0.3806595277046444
(0, 15, 10)	stand	-0.975677377931097
(0, 17, 4)	hit	-0.09309207192615165
(0, 17, 4)	stand	0.9999999999999996
(0, 20, 3)	hit	-0.09729134636314514
(0, 20, 3)	stand	0.9999999999999996
(1, 21, 3)	hit	-0.09619128574943285
(1, 21, 3)	stand	0.9999999999999996
(1, 16, 9)	hit	-0.843062391875578
(1, 16, 9)	stand	0.2001995683244455
(0, 15, 6)	hit	-0.7144295710790501
(0, 15, 6)	stand	0.04783934359509949
(0, 19, 2)	hit	0.007444678238812603
(0, 19, 2)	stand	0.9999999999999996
(0, 20, 2)	hit	-0.09136166647087575
(0, 20, 2)	stand	0.9999999999999996
(0, 19, 4)	hit	-0.09299248599139669
(0, 19, 4)	stand	0.9999999999999996
(0, 16, 11)	hit	-0.9247242643164929
(0, 16, 11)	stand	-0.19327209625395728
(0, 9, 5)	hit	0.8155576279901154
(0, 9, 5)	stand	-0.09532204624066284
(0, 13, 2)	hit	-0.0019482296466043492
(0, 13, 2)	stand	0.9999999999999996
(0, 17, 2)	hit	-0.0019875281674786444
(0, 17, 2)	stand	0.9999999999999996
(0, 15, 3)	hit	-0.09648290634623548
(0, 15, 3)	stand	0.9999999999999996
(1, 13, 4)	hit	-0.6209523069826031
(1, 13, 4)	stand	0.058604128828740915
(2, 14, 4)	hit	0.004797971862707155
(2, 14, 4)	stand	0.7410569283714696
(1, 17, 10)	hit	-0.8540807684910254
(1, 17, 10)	stand	-0.48888028771933834
(0, 12, 5)	hit	0.2564911030600661
(0, 12, 5)	stand	-0.6432962791429621
(0, 17, 3)	hit	0.003389533898841016
(0, 17, 3)	stand	0.9999999999999996
(0, 11, 6)	hit	0.6721371388967516
(0, 11, 6)	stand	-0.09862397926521554
(0, 17, 6)	hit	-0.09515770103656587
(0, 17, 6)	stand	0.9999999999999996
(0, 17, 10)	hit	-0.9002068049495442
(0, 17, 10)	stand	-0.2676532608958526
(0, 18, 2)	hit	-0.09370752297497237
(0, 18, 2)	stand	0.9999999999999996
(1, 21, 4)	hit	-0.09121571057687353
(1, 21, 4)	stand	0.9999999999999996
(1, 18, 10)	hit	-0.7148303858541462
(1, 18, 10)	stand	-0.00340874483981031
(1, 15, 2)	hit	-0.09354535063963164
(1, 15, 2)	stand	0.9999999999999996
(0, 9, 10)	hit	0.016974992330309344
(0, 9, 10)	stand	-0.832271459494561
(0, 7, 10)	hit	-0.22731876757449918
(0, 7, 10)	stand	-0.9109922445275255
(1, 21, 9)	hit	-0.09531209236596105
(1, 21, 9)	stand	0.9999999999999996
(1, 21, 8)	hit	0.00470913099445136
(1, 21, 8)	stand	0.9999999999999996
(0, 15, 9)	hit	-0.35503617512003494
(0, 15, 9)	stand	-0.9452224188348586
(0, 10, 8)	hit	0.2645774194700663
(0, 10, 8)	stand	-0.40025823663177357
(0, 7, 2)	hit	0.9999999999892201
(0, 7, 2)	stand	-0.10573622800293957
(1, 20, 10)	hit	-0.09475675907443164
(1, 20, 10)	stand	0.9421903270673363
(0, 11, 10)	hit	0.3616738997550789
(0, 11, 10)	stand	-0.7711462518049066
(0, 21, 10)	hit	0.00798327282223344
(0, 21, 10)	stand	0.9999999999999996
(0, 12, 10)	hit	-0.13695439298361567
(0, 12, 10)	stand	-0.9156239610561712
(0, 20, 9)	hit	-0.09376471505104053
(0, 20, 9)	stand	0.9999999999999996
(0, 15, 7)	hit	-0.781875748629175
(0, 15, 7)	stand	-0.07979324578071395
(0, 8, 2)	hit	0.999999999991795
(0, 8, 2)	stand	-0.002428065937096796
(1, 17, 7)	hit	-0.09246799683325814
(1, 17, 7)	stand	0.9328858622481072
(1, 21, 5)	hit	0.000153622676998173
(1, 21, 5)	stand	0.9999999999999996
(0, 16, 5)	hit	0.003824600305194571
(0, 16, 5)	stand	0.9999999999999996
(0, 12, 3)	hit	-0.6459242034619213
(0, 12, 3)	stand	-0.024010100179721272
(0, 10, 5)	hit	0.8211228104674856
(0, 10, 5)	stand	0.006022584163486527
(0, 18, 5)	hit	0.005427699181239518
(0, 18, 5)	stand	0.9999999999999996
(1, 21, 7)	hit	-0.09309321288168118
(1, 21, 7)	stand	0.9999999999999996
(0, 10, 9)	hit	0.39537126843402853
(0, 10, 9)	stand	-0.5213112188701365
(1, 13, 10)	hit	-0.3644456571296235
(1, 13, 10)	stand	-0.9450324460036252
(0, 8, 5)	hit	0.4975690855022826
(0, 8, 5)	stand	-0.18789585579529156
(0, 14, 4)	hit	-0.09321698628165766
(0, 14, 4)	stand	0.8113000292467774
(0, 14, 11)	hit	-0.16716361288325082
(0, 14, 11)	stand	-0.9915529437162868
(0, 11, 4)	hit	0.7047297948105143
(0, 11, 4)	stand	-0.006361940457130566
(0, 12, 4)	hit	0.18252844962776776
(0, 12, 4)	stand	-0.6803776637367468
(0, 5, 3)	hit	0.9780774301940433
(0, 5, 3)	stand	-0.1845267344469916
(0, 11, 9)	hit	0.19884007421567212
(0, 11, 9)	stand	-0.5190541871238055
(0, 17, 11)	hit	-0.8797476304256618
(0, 17, 11)	stand	-0.024023320654323888
(0, 19, 8)	hit	0.00036552582819799007
(0, 19, 8)	stand	0.9999999999999996
(0, 13, 8)	hit	-0.1711746848243712
(0, 13, 8)	stand	-0.9094113951649182
(1, 15, 6)	hit	-0.5867564807251631
(1, 15, 6)	stand	0.19032218489213515
(1, 20, 6)	hit	0.00027086461950924566
(1, 20, 6)	stand	0.9999999999999996
(0, 9, 9)	hit	0.12339529494206695
(0, 9, 9)	stand	-0.6835823433772261
(0, 17, 9)	hit	-0.7957161420279754
(0, 17, 9)	stand	0.4357192869303285
(1, 16, 10)	hit	-0.9343644029847645
(1, 16, 10)	stand	-0.11398593465270443
(0, 11, 3)	hit	0.9973213480868259
(0, 11, 3)	stand	-0.09450451939289436
(1, 12, 3)	hit	0.2774509295989418
(1, 12, 3)	stand	-0.49538879613346065
(0, 7, 9)	hit	-0.055155162563548785
(0, 7, 9)	stand	-0.7444065120159412
(0, 14, 2)	hit	-0.018273642027562112
(0, 14, 2)	stand	0.9999999999999996
(0, 21, 2)	hit	0.0022215294596323177
(0, 21, 2)	stand	0.9999999999999996
(0, 18, 11)	hit	-0.9193452386010392
(0, 18, 11)	stand	0.023330517188414668
(0, 18, 9)	hit	-0.7206708875498866
(0, 18, 9)	stand	0.24691232224920193
(0, 4, 10)	hit	-0.19749982208988842
(0, 4, 10)	stand	-0.8642662602175941
(0, 18, 10)	hit	-0.8110601308284651
(0, 18, 10)	stand	0.5892723325804187
(0, 9, 4)	hit	0.9939754867954749
(0, 9, 4)	stand	-0.09495677404421392
(1, 17, 4)	hit	0.006006390505687116
(1, 17, 4)	stand	0.9999999999999996
(0, 11, 11)	hit	0.42443454913823464
(0, 11, 11)	stand	-0.6853866415118797
(0, 21, 11)	hit	-0.09524023750201409
(0, 21, 11)	stand	0.9999999999999996
(0, 19, 5)	hit	-0.09181558679340096
(0, 19, 5)	stand	0.9999999999999996
(1, 14, 7)	hit	-0.8036748275364198
(1, 14, 7)	stand	-0.017956816389317926
(1, 16, 7)	hit	-0.5880331522309902
(1, 16, 7)	stand	0.0806021473688545
(0, 20, 7)	hit	-0.09195515559085013
(0, 20, 7)	stand	0.9999999999999996
(0, 8, 8)	hit	0.29818677383590675
(0, 8, 8)	stand	-0.4045024594436405
(0, 16, 2)	hit	-0.09879323655892752
(0, 16, 2)	stand	0.9999999999999996
(0, 15, 11)	hit	-0.1532236016703299
(0, 15, 11)	stand	-0.9623082281658273
(1, 14, 2)	hit	0.0016844833041295137
(1, 14, 2)	stand	0.9999999999999996
(1, 19, 4)	hit	0.000840292424525827
(1, 19, 4)	stand	0.9999999999999996
(0, 14, 7)	hit	-0.27491413922872754
(0, 14, 7)	stand	-0.8997066850972508
(0, 10, 10)	hit	0.3562489335169998
(0, 10, 10)	stand	-0.6856840983150116
(0, 12, 2)	hit	0.0009636944341873621
(0, 12, 2)	stand	0.7171600530972055
(1, 21, 2)	hit	-0.09496877432288867
(1, 21, 2)	stand	0.9999999999999996
(0, 6, 9)	hit	0.13676261147823832
(0, 6, 9)	stand	-0.8132434368785948
(0, 21, 8)	hit	-0.09169616609121418
(0, 21, 8)	stand	0.9999999999999996
(0, 8, 6)	hit	0.6162272617855916
(0, 8, 6)	stand	-0.26784404007173346
(0, 18, 6)	hit	0.003428588579183364
(0, 18, 6)	stand	0.9999999999999996
(0, 20, 11)	hit	-0.5188542713751375
(0, 20, 11)	stand	0.6751859246549234
(0, 15, 2)	hit	0.00040754311270438273
(0, 15, 2)	stand	0.9999999999999996
(0, 7, 7)	hit	0.4043191419866526
(0, 7, 7)	stand	-0.34245644152245164
(0, 17, 7)	hit	-0.0914740772620084
(0, 17, 7)	stand	0.6081043597245213
(0, 17, 5)	hit	-0.09105528946080836
(0, 17, 5)	stand	0.9999999999999996
(0, 18, 4)	hit	0.0022872197605910936
(0, 18, 4)	stand	0.9999999999999996
(0, 14, 3)	hit	0.0007014381144624571
(0, 14, 3)	stand	0.9999999999999996
(1, 15, 11)	hit	-0.45140911428321856
(1, 15, 11)	stand	-0.9607416739280144
(0, 12, 6)	hit	-0.25336423836008654
(0, 12, 6)	stand	-0.6536263082551399
(0, 7, 5)	hit	0.8628753876402477
(0, 7, 5)	stand	-0.09428953969024718
(0, 20, 6)	hit	0.0010646612765202968
(0, 20, 6)	stand	0.9999999999999996
(1, 19, 3)	hit	0.008521636599982244
(1, 19, 3)	stand	0.9999999999999996
(0, 10, 4)	hit	0.9859314644734702
(0, 10, 4)	stand	-0.09417747680313178
(0, 11, 8)	hit	0.5191937857189681
(0, 11, 8)	stand	-0.40702314883410734
(0, 18, 7)	hit	0.00703775579772322
(0, 18, 7)	stand	0.9999999999999996
(0, 4, 11)	hit	-0.23008007908123343
(0, 4, 11)	stand	-0.8899958372356639
(0, 8, 10)	hit	0.18904772812509674
(0, 8, 10)	stand	-0.8321534156575162
(0, 9, 11)	hit	0.5625653385501879
(0, 9, 11)	stand	-0.7691698968098158
(0, 12, 11)	hit	-0.5317580123431686
(0, 12, 11)	stand	-0.9660892687823712
(0, 13, 4)	hit	-0.052125850112310454
(0, 13, 4)	stand	-0.6535128324247156
(1, 20, 2)	hit	-0.09193722208039881
(1, 20, 2)	stand	0.9999999999999996
(0, 21, 5)	hit	0.005424294120355552
(0, 21, 5)	stand	0.9999999999999996
(0, 20, 8)	hit	-0.0927779070189011
(0, 20, 8)	stand	0.9999999999999996
(0, 4, 9)	hit	0.27995722562416797
(0, 4, 9)	stand	-0.7926535804198719
(0, 7, 11)	hit	-0.013129134514320975
(0, 7, 11)	stand	-0.8487255016354418
(0, 12, 7)	hit	0.1455192126903616
(0, 12, 7)	stand	-0.8124235476360036
(1, 17, 11)	hit	-0.8397099918975559
(1, 17, 11)	stand	-0.6956944947019419
(1, 19, 5)	hit	-0.09434204892178662
(1, 19, 5)	stand	0.9999999999999996
(1, 12, 10)	hit	-0.31596843914370815
(1, 12, 10)	stand	-0.8728090648573523
(0, 7, 6)	hit	0.5311513502297529
(0, 7, 6)	stand	-0.270567951438873
(2, 12, 2)	hit	0.0034005310592910743
(2, 12, 2)	stand	0.9716509766285831
(0, 15, 5)	hit	0.002833514312633879
(0, 15, 5)	stand	0.6491581718586239
(0, 19, 11)	hit	-0.7072963950291056
(0, 19, 11)	stand	0.523281257723292
(1, 14, 8)	hit	0.05947797509092437
(1, 14, 8)	stand	-0.8522534108950173
(1, 16, 6)	hit	-0.09467722847553099
(1, 16, 6)	stand	0.8964207630720753
(1, 13, 11)	hit	-0.7742384123755907
(1, 13, 11)	stand	-0.9628912894079937
(1, 18, 11)	hit	-0.831191209120504
(1, 18, 11)	stand	0.015060683079760051
(0, 13, 5)	hit	0.004281555324755007
(0, 13, 5)	stand	-0.7006703074174024
(0, 21, 4)	hit	0.0005737718014720993
(0, 21, 4)	stand	0.9999999999999996
(0, 14, 6)	hit	-0.7729636322501238
(0, 14, 6)	stand	-0.08662788562120884
(0, 16, 6)	hit	-0.097581816687539
(0, 16, 6)	stand	0.956743350151855
(0, 6, 5)	hit	0.6440397483216344
(0, 6, 5)	stand	-0.09739978218153188
(1, 20, 3)	hit	0.006915982413006747
(1, 20, 3)	stand	0.9999999999999996
(1, 20, 8)	hit	-0.09109293533075022
(1, 20, 8)	stand	0.9999999999999996
(0, 16, 3)	hit	0.002610399335687775
(0, 16, 3)	stand	0.9999999999999996
(1, 15, 10)	hit	0.13659911631352112
(1, 15, 10)	stand	-0.9449496931765454
(0, 13, 9)	hit	-0.09441982785810046
(0, 13, 9)	stand	-0.9168016472620362
(0, 10, 3)	hit	0.9351398875923528
(0, 10, 3)	stand	-0.09871414127719702
(1, 13, 3)	hit	0.0015662372385321366
(1, 13, 3)	stand	0.9687078455593214
(0, 10, 7)	hit	0.48500774121762624
(0, 10, 7)	stand	-0.2668128035513377
(0, 20, 5)	hit	0.0031583677532330758
(0, 20, 5)	stand	0.9999999999999996
(0, 6, 3)	hit	0.950956328995148
(0, 6, 3)	stand	0.005861021296444075
(0, 14, 8)	hit	-0.9032953001048358
(0, 14, 8)	stand	-0.3317527001566976
(0, 17, 8)	hit	-0.6483687240421893
(0, 17, 8)	stand	0.43581128781505846
(1, 19, 7)	hit	0.0038006707596228606
(1, 19, 7)	stand	0.9999999999999996
(0, 8, 9)	hit	-0.1578346165458696
(0, 8, 9)	stand	-0.7152840146455393
(0, 16, 7)	hit	-0.7096117356290376
(0, 16, 7)	stand	0.49951916938971497
(0, 8, 11)	hit	-0.060585202235619987
(0, 8, 11)	stand	-0.8496422989621211
(1, 16, 4)	hit	0.003197603424634146
(1, 16, 4)	stand	0.9999999999999996
(1, 18, 9)	hit	-0.5662948891024104
(1, 18, 9)	stand	0.3326910367808417
(0, 9, 2)	hit	0.995944873531961
(0, 9, 2)	stand	0.004382478866521029
(1, 20, 4)	hit	-0.09542078344187223
(1, 20, 4)	stand	0.9999999999999996
(1, 17, 8)	hit	-0.7617820736450646
(1, 17, 8)	stand	0.3657288935542482
(1, 19, 8)	hit	0.0012704599332981925
(1, 19, 8)	stand	0.9999999999999996
(0, 18, 3)	hit	0.004134225903095422
(0, 18, 3)	stand	0.9999999999999996
(1, 16, 11)	hit	-0.9110165927204376
(1, 16, 11)	stand	-0.29556842477321693
(0, 5, 7)	hit	0.01266856854235951
(0, 5, 7)	stand	-0.6844848976643133
(1, 18, 7)	hit	-0.09540219267885616
(1, 18, 7)	stand	0.9999999999999996
(0, 6, 10)	hit	-0.06102547530717688
(0, 6, 10)	stand	-0.900992713721013
(1, 13, 8)	hit	0.049838301771766305
(1, 13, 8)	stand	-0.8832149967394066
(0, 5, 4)	hit	0.9777026031362939
(0, 5, 4)	stand	6.22240491564252e-05
(0, 5, 8)	hit	0.07023756096067786
(0, 5, 8)	stand	-0.7160127139061527
(0, 14, 5)	hit	-0.7181323534152998
(0, 14, 5)	stand	-0.026011386405784945
(1, 19, 6)	hit	0.0005137443078740734
(1, 19, 6)	stand	0.9999999999999996
(2, 16, 10)	hit	-0.8583933717338692
(2, 16, 10)	stand	-0.1861858518647853
(0, 8, 4)	hit	0.6743274494804371
(0, 8, 4)	stand	-0.09853515269714234
(0, 13, 6)	hit	0.040693648798720936
(0, 13, 6)	stand	-0.7709653100763059
(0, 11, 7)	hit	0.6894994675441604
(0, 11, 7)	stand	-0.4905237141494838
(0, 19, 7)	hit	0.0017095450128029833
(0, 19, 7)	stand	0.9999999999999996
(1, 20, 5)	hit	-0.09354401605426789
(1, 20, 5)	stand	0.9999999999999996
(1, 19, 10)	hit	-0.6415271874923102
(1, 19, 10)	stand	0.5787754624996728
(1, 14, 10)	hit	-0.019071816402725594
(1, 14, 10)	stand	-0.9493475146709268
(0, 21, 7)	hit	0.004397946823859317
(0, 21, 7)	stand	0.9999999999999996
(1, 19, 9)	hit	0.00335485538710259
(1, 19, 9)	stand	0.7129955764061707
(0, 6, 2)	hit	0.9978325689805373
(0, 6, 2)	stand	-0.10515490333818112
(0, 9, 6)	hit	0.7710087665941037
(0, 9, 6)	stand	-0.09404345166913443
(0, 21, 3)	hit	-0.09261859282593093
(0, 21, 3)	stand	0.9999999999999996
(0, 19, 6)	hit	0.00029305212152281213
(0, 19, 6)	stand	0.9999999999999996
(1, 18, 5)	hit	0.0031155080228282774
(1, 18, 5)	stand	0.9999999999999996
(1, 13, 6)	hit	-0.090547881533819
(1, 13, 6)	stand	-0.6790429767986768
(1, 21, 6)	hit	-0.09231095811934546
(1, 21, 6)	stand	0.9999999999999996
(0, 7, 8)	hit	0.2745636422494601
(0, 7, 8)	stand	-0.6834768130565444
(1, 20, 9)	hit	0.007465636615208869
(1, 20, 9)	stand	0.9999999999999996
(1, 15, 9)	hit	-0.8751020263540761
(1, 15, 9)	stand	-0.27452802856303427
(0, 6, 8)	hit	-0.05957207548835661
(0, 6, 8)	stand	-0.7151726244349882
(0, 11, 2)	hit	0.9999984360539346
(0, 11, 2)	stand	0.00045296880722595854
(1, 13, 7)	hit	0.35354990378972556
(1, 13, 7)	stand	-0.8046675053523457
(1, 20, 7)	hit	0.0021205479813564986
(1, 20, 7)	stand	0.9999999999999996
(0, 19, 3)	hit	-0.09160723023349039
(0, 19, 3)	stand	0.9999999999999996
(1, 18, 4)	hit	0.0033481445997904547
(1, 18, 4)	stand	0.9999999999999996
(0, 21, 9)	hit	0.005098848302607944
(0, 21, 9)	stand	0.9999999999999996
(0, 9, 7)	hit	0.796190518795417
(0, 9, 7)	stand	-0.3425375464684934
(1, 15, 5)	hit	0.001309045204781687
(1, 15, 5)	stand	0.9123935731495102
(0, 10, 11)	hit	0.14122508702856365
(0, 10, 11)	stand	-0.7938657854693912
(0, 21, 6)	hit	0.004457522640600547
(0, 21, 6)	stand	0.9999999999999996
(0, 5, 6)	hit	0.5890117866546901
(0, 5, 6)	stand	-0.4046134929414208
(0, 10, 6)	hit	0.6685990558762647
(0, 10, 6)	stand	-0.11245526781510866
(1, 12, 2)	hit	0.006521785485336292
(1, 12, 2)	stand	0.9126073934826844
(1, 17, 9)	hit	-0.7205110951327949
(1, 17, 9)	stand	0.14407479996439926
(1, 17, 3)	hit	-0.09312848353137335
(1, 17, 3)	stand	0.9999999999999996
(1, 16, 5)	hit	0.0007843826172029744
(1, 16, 5)	stand	0.9999999999999996
(1, 15, 3)	hit	0.0023709685390181858
(1, 15, 3)	stand	0.9999999999999996
(1, 15, 8)	hit	-0.7937496919305824
(1, 15, 8)	stand	0.12070741586998907
(1, 13, 5)	hit	0.029027855009187406
(1, 13, 5)	stand	-0.7530970438772941
(1, 14, 5)	hit	-0.6433068886041329
(1, 14, 5)	stand	-0.005288357459736742
(1, 15, 7)	hit	-0.7983538840868479
(1, 15, 7)	stand	-0.02284203592802385
(1, 16, 8)	hit	-0.7487143618891795
(1, 16, 8)	stand	0.09796383573797593
(0, 6, 7)	hit	0.7268263615490491
(0, 6, 7)	stand	-0.6096323359813881
(1, 17, 2)	hit	-0.09522958637586387
(1, 17, 2)	stand	0.9999999999999996
(1, 13, 2)	hit	-0.09369761949428092
(1, 13, 2)	stand	0.9999999999999996
(0, 15, 8)	hit	-0.8481304754079052
(0, 15, 8)	stand	-0.5186005721119837
(1, 15, 4)	hit	-0.003592268421472075
(1, 15, 4)	stand	0.9999999999999996
(1, 19, 2)	hit	0.00833523029781431
(1, 19, 2)	stand	0.9999999999999996
(0, 11, 5)	hit	0.8283248915451055
(0, 11, 5)	stand	-0.09630767724519022
(0, 5, 5)	hit	0.6425410049769735
(0, 5, 5)	stand	-0.09425972149651408
(0, 6, 6)	hit	0.6641739577364133
(0, 6, 6)	stand	-0.18646571812337057
(1, 17, 5)	hit	9.791139540983762e-05
(1, 17, 5)	stand	0.9999999999999996
(0, 9, 3)	hit	0.9038966357316665
(0, 9, 3)	stand	-0.0942744188568317
(0, 7, 3)	hit	0.9563331737559801
(0, 7, 3)	stand	0.0028085485694839527
(1, 17, 6)	hit	-0.09477093694381408
(1, 17, 6)	stand	0.9999999999999996
(1, 18, 2)	hit	0.004951828606517185
(1, 18, 2)	stand	0.9999999999999996
(0, 5, 11)	hit	0.012066645734189446
(0, 5, 11)	stand	-0.9011462013501849
(0, 6, 11)	hit	-0.35886539842865256
(0, 6, 11)	stand	-0.9352135315248012
(1, 14, 3)	hit	0.0030861614123430005
(1, 14, 3)	stand	0.9999999999999996
(2, 12, 4)	hit	0.1906221823557937
(2, 12, 4)	stand	-0.46857754125393464
(1, 14, 6)	hit	-0.7950180861645608
(1, 14, 6)	stand	0.008107491043881726
(1, 14, 11)	hit	-0.9492067598492705
(1, 14, 11)	stand	-0.5927886730433809
(2, 14, 10)	hit	-0.40186655373283864
(2, 14, 10)	stand	-0.9423969544228444
(2, 18, 10)	hit	-0.5556182656317962
(2, 18, 10)	stand	-0.10842780371619767
(2, 15, 4)	hit	-0.093771033835598
(2, 15, 4)	stand	0.9999999999999976
(1, 16, 2)	hit	-0.09179393719426324
(1, 16, 2)	stand	0.9999999999999996
(1, 13, 9)	hit	-0.12726004164228688
(1, 13, 9)	stand	-0.8511147212063307
(2, 12, 6)	hit	0.3056508916358357
(2, 12, 6)	stand	-0.6341030646751954
(0, 5, 9)	hit	0.34035246081918286
(0, 5, 9)	stand	-0.8131581127667926
(0, 8, 3)	hit	0.9999584900662595
(0, 8, 3)	stand	0.004374113697624808
(2, 12, 10)	hit	-0.2012903891827257
(2, 12, 10)	stand	-0.908202741015547
(1, 20, 11)	hit	-0.5043209632020267
(1, 20, 11)	stand	0.39799710038534103
(2, 12, 5)	hit	0.30228902925527834
(2, 12, 5)	stand	-0.5263961386092734
(2, 19, 10)	hit	-0.46225946202662843
(2, 19, 10)	stand	0.23488089070311818
(1, 12, 8)	hit	-0.07122320400847323
(1, 12, 8)	stand	-0.8076605137949231
(1, 18, 3)	hit	-0.09219723852953926
(1, 18, 3)	stand	0.9999999999999996
(1, 14, 9)	hit	-0.8774566427783087
(1, 14, 9)	stand	-0.5767903835744929
(1, 19, 11)	hit	-0.6107103183149936
(1, 19, 11)	stand	0.03124642068773975
(1, 12, 4)	hit	0.42618125603806706
(1, 12, 4)	stand	-0.5534138458260781
(0, 4, 8)	hit	0.14195792253973122
(0, 4, 8)	stand	-0.5667309328517735
(2, 21, 11)	hit	7.047261405801141e-05
(2, 21, 11)	stand	0.9999999998825173
(1, 21, 11)	hit	-0.0933136491817084
(1, 21, 11)	stand	0.9999999999999996
(2, 14, 8)	hit	-0.33866940775597165
(2, 14, 8)	stand	-0.6821469289688123
(0, 6, 4)	hit	0.6682600847855322
(0, 6, 4)	stand	-0.008813659306049687
(1, 16, 3)	hit	0.00344230241203103
(1, 16, 3)	stand	0.9999999999999996
(1, 18, 6)	hit	-0.09454381018223354
(1, 18, 6)	stand	0.9999999999999996
(0, 4, 3)	hit	0.9876562899531378
(0, 4, 3)	stand	0.0008492756693124414
(0, 4, 5)	hit	0.6472826867485514
(0, 4, 5)	stand	-0.26447815469310126
(1, 12, 7)	hit	-0.0213931736970477
(1, 12, 7)	stand	-0.7003162082332203
(0, 5, 2)	hit	0.9999910006117655
(0, 5, 2)	stand	0.001362925021369684
(1, 14, 4)	hit	0.004048500296725177
(1, 14, 4)	stand	0.7299086453808091
(0, 4, 4)	hit	0.7855412625768969
(0, 4, 4)	stand	2.8908574792074758e-05
(0, 4, 7)	hit	0.2308175454623458
(0, 4, 7)	stand	-0.6104142529558751
(1, 12, 6)	hit	0.1333869602365026
(1, 12, 6)	stand	-0.618239989635898
(0, 4, 6)	hit	0.37860721275924136
(0, 4, 6)	stand	-0.5675554324252479
(2, 15, 10)	hit	-0.5213785130684969
(2, 15, 10)	stand	-0.8864797265170806
(2, 21, 10)	hit	-0.09431188101188799
(2, 21, 10)	stand	0.9999999999999996
(1, 18, 8)	hit	-0.005477901474341365
(1, 18, 8)	stand	0.999646871387911
(1, 12, 9)	hit	-0.2271734497110781
(1, 12, 9)	stand	-0.8943950783382354
(2, 12, 7)	hit	-0.14250427619397113
(2, 12, 7)	stand	-0.6574085492037662
(2, 14, 7)	hit	-0.6126611288169409
(2, 14, 7)	stand	-0.06939964477537244
(2, 15, 11)	hit	-0.9135115042895603
(2, 15, 11)	stand	-0.5333863008374288
(2, 14, 3)	hit	-0.09561427067309804
(2, 14, 3)	stand	0.9999999999999745
(2, 12, 8)	hit	0.07048362468544134
(2, 12, 8)	stand	-0.7500040773647566
(2, 21, 8)	hit	0.00183316851661526
(2, 21, 8)	stand	0.9999999999999996
(3, 13, 10)	hit	-0.5465441855694295
(3, 13, 10)	stand	-0.856947644547322
(2, 12, 3)	hit	0.21055721368045147
(2, 12, 3)	stand	-0.39746932307409555
(2, 15, 3)	hit	0.0033867001789105434
(2, 15, 3)	stand	0.9999999998947158
(2, 13, 3)	hit	0.003539109504646496
(2, 13, 3)	stand	0.9998012119339703
(2, 15, 6)	hit	-0.2660170322889735
(2, 15, 6)	stand	-0.07506283807992985
(2, 17, 6)	hit	-0.09150982166577995
(2, 17, 6)	stand	0.9999999999999996
(2, 17, 9)	hit	-0.5541446475670252
(2, 17, 9)	stand	-0.031190836485178453
(0, 4, 2)	hit	0.9989456439614414
(0, 4, 2)	stand	0.002779579737147574
(2, 16, 7)	hit	-0.39845333189964754
(2, 16, 7)	stand	0.4786488579824038
(2, 17, 7)	hit	0.0018716610238116837
(2, 17, 7)	stand	0.9991383751362716
(1, 12, 5)	hit	0.03445556500778296
(1, 12, 5)	stand	-0.5624159692323676
(2, 13, 5)	hit	-0.036079954865872024
(2, 13, 5)	stand	-0.4310201544927418
(2, 20, 5)	hit	-0.09134513455425977
(2, 20, 5)	stand	0.9999999999999942
(2, 14, 6)	hit	-0.5763221645256587
(2, 14, 6)	stand	0.4425306661726466
(2, 12, 9)	hit	0.011277006161206818
(2, 12, 9)	stand	-0.8594789525352211
(2, 14, 5)	hit	-0.4951144166252963
(2, 14, 5)	stand	0.4492184210006763
(2, 18, 5)	hit	-0.09287476236337194
(2, 18, 5)	stand	0.9999999999999745
(1, 12, 11)	hit	-0.523106504584612
(1, 12, 11)	stand	-0.878375231494457
(2, 17, 10)	hit	-0.6851497619431719
(2, 17, 10)	stand	0.226750871364974
(2, 17, 5)	hit	0.00636702010916126
(2, 17, 5)	stand	0.9999999999858229
(2, 14, 9)	hit	-0.19337275136867849
(2, 14, 9)	stand	-0.8008504373147332
(2, 12, 11)	hit	0.4002220700093535
(2, 12, 11)	stand	-0.9007703104389755
(2, 19, 11)	hit	-0.5680531027144163
(2, 19, 11)	stand	0.2438781823020105
(2, 21, 6)	hit	0.007624811526097575
(2, 21, 6)	stand	0.9999999999999978
(2, 14, 11)	hit	-0.4355481709829082
(2, 14, 11)	stand	-0.9486772795864044
(2, 19, 5)	hit	0.008902490114933518
(2, 19, 5)	stand	0.9999999999999986
(2, 20, 9)	hit	-0.09189027680443287
(2, 20, 9)	stand	0.9999999999999996
(2, 17, 11)	hit	-0.6743306785562677
(2, 17, 11)	stand	-0.02760064587709768
(2, 16, 3)	hit	0.007414934521320475
(2, 16, 3)	stand	0.9999999999998114
(3, 15, 7)	hit	-0.05961812457524614
(3, 15, 7)	stand	-0.23848355952233652
(3, 20, 7)	hit	-0.0949262430710019
(3, 20, 7)	stand	0.7179941855962447
(2, 18, 7)	hit	-0.09384028435706296
(2, 18, 7)	stand	0.9999999999999994
(2, 21, 5)	hit	0.005128779588625399
(2, 21, 5)	stand	0.9999999999994581
(2, 20, 10)	hit	-0.09347455821589966
(2, 20, 10)	stand	0.942874859082458
(2, 18, 11)	hit	-0.5209053539135488
(2, 18, 11)	stand	0.33650408520079367
(2, 13, 6)	hit	-0.17682959802285186
(2, 13, 6)	stand	-0.4352600408160059
(2, 18, 8)	hit	0.0027320830596152756
(2, 18, 8)	stand	0.9687430552882541
(2, 19, 7)	hit	-0.09456468554363252
(2, 19, 7)	stand	0.9999999999997661
(3, 13, 8)	hit	-0.1782898422972704
(3, 13, 8)	stand	-0.5131999420392029
(2, 18, 3)	hit	0.001639042595604291
(2, 18, 3)	stand	0.9999999999994563
(2, 13, 7)	hit	-0.01524834879852266
(2, 13, 7)	stand	-0.5005573168969717
(2, 15, 5)	hit	0.00527494806906711
(2, 15, 5)	stand	0.9877338194436237
(2, 15, 9)	hit	-0.7708343685813785
(2, 15, 9)	stand	-0.427538429838053
(2, 21, 9)	hit	0.0027289383517846567
(2, 21, 9)	stand	0.9999999999999996
(2, 16, 6)	hit	-0.004850560382340066
(2, 16, 6)	stand	0.9995288065409045
(3, 16, 9)	hit	-0.33255821790491324
(3, 16, 9)	stand	0.27901742706242727
(3, 21, 9)	hit	-0.09473101660046696
(3, 21, 9)	stand	0.8909666141042529
(2, 13, 10)	hit	0.2061557672177613
(2, 13, 10)	stand	-0.8244212829651525
(2, 16, 11)	hit	-0.7911669787868874
(2, 16, 11)	stand	-0.5491320683729554
(2, 13, 11)	hit	-0.2842286179949043
(2, 13, 11)	stand	-0.8198009933564472
(2, 20, 3)	hit	-0.09179740589435072
(2, 20, 3)	stand	0.99999999999898
(2, 21, 7)	hit	-0.09168135837893851
(2, 21, 7)	stand	0.9999999999999996
(2, 16, 5)	hit	-0.09130611183078455
(2, 16, 5)	stand	0.9999999999999996
(3, 13, 6)	hit	-0.1989823038660945
(3, 13, 6)	stand	-0.3799665087095665
(2, 19, 3)	hit	-0.09100868539869768
(2, 19, 3)	stand	0.9999999999993971
(2, 16, 8)	hit	-0.5698529035067401
(2, 16, 8)	stand	-0.059083663237756684
(2, 13, 8)	hit	-0.052701949826449934
(2, 13, 8)	stand	-0.7055360979223914
(2, 20, 6)	hit	-0.09742496620680563
(2, 20, 6)	stand	0.9999999999999972
(2, 15, 8)	hit	-0.7136137399356239
(2, 15, 8)	stand	0.057233185458456015
(2, 19, 8)	hit	0.0020628708168145726
(2, 19, 8)	stand	0.9999999999999996
(2, 16, 9)	hit	-0.6105943545939598
(2, 16, 9)	stand	-0.43799093795639865
(2, 18, 9)	hit	-0.6197813018719678
(2, 18, 9)	stand	0.09920149123732465
(2, 18, 4)	hit	-0.09422627584987794
(2, 18, 4)	stand	0.9999999999998755
(2, 19, 9)	hit	0.007226096169396171
(2, 19, 9)	stand	0.9931316106213743
(2, 18, 6)	hit	-0.09262903762949555
(2, 18, 6)	stand	0.9999999999955161
(2, 20, 11)	hit	-0.34317488851258593
(2, 20, 11)	stand	0.2114245871210506
(3, 13, 9)	hit	0.5185492849322386
(3, 13, 9)	stand	-0.6652723921336581
(3, 13, 3)	hit	-0.09234146279830127
(3, 13, 3)	stand	0.9347209416972375
(3, 20, 3)	hit	-0.09232475490519511
(3, 20, 3)	stand	0.004635376956601055
(2, 21, 3)	hit	0.007218228991326917
(2, 21, 3)	stand	0.9999999999997675
(2, 15, 7)	hit	-0.4421406969570375
(2, 15, 7)	stand	0.04396427269485541
(2, 20, 7)	hit	0.00023244024012734622
(2, 20, 7)	stand	0.9999999999999948
(2, 17, 8)	hit	-0.35632673468567333
(2, 17, 8)	stand	0.4546598796901939
(2, 20, 8)	hit	0.004319997656194404
(2, 20, 8)	stand	0.9999999999999996
(2, 17, 3)	hit	-0.0021582595829438
(2, 17, 3)	stand	0.9999999999970612
(3, 18, 3)	hit	0.003861012037417376
(3, 18, 3)	stand	0.1035119719444911
(2, 13, 9)	hit	-0.1143706191159055
(2, 13, 9)	stand	-0.636762178567644
(3, 16, 10)	hit	-0.5469745407474511
(3, 16, 10)	stand	-0.09032407452351382
(3, 13, 5)	hit	-0.30104696960585187
(3, 13, 5)	stand	0.16572801766548506
(3, 18, 10)	hit	-0.40480743426072835
(3, 18, 10)	stand	0.37865779823513346
(3, 17, 8)	hit	-0.2657355371477248
(3, 17, 8)	stand	0.08572422639301545
(2, 19, 6)	hit	-0.002022254590700906
(2, 19, 6)	stand	0.999999999999998
(3, 20, 10)	hit	-0.0912400417799824
(3, 20, 10)	stand	0.9926166134999835
(3, 13, 7)	hit	-0.1320890177551481
(3, 13, 7)	stand	-0.5497287199827572
(2, 20, 4)	hit	0.0003001049730369598
(2, 20, 4)	stand	0.9999999999999648
(2, 16, 4)	hit	-0.09315890036965441
(2, 16, 4)	stand	0.9999999999438398
(3, 13, 11)	hit	-0.5610452798384766
(3, 13, 11)	stand	-0.5691761621039226
(3, 21, 10)	hit	0.005326870730002997
(3, 21, 10)	stand	0.9987003147925828
(2, 21, 4)	hit	0.0011467234965591123
(2, 21, 4)	stand	0.999999999999977
(2, 19, 4)	hit	-0.09441032740030335
(2, 19, 4)	stand	0.9999999999999815
(2, 17, 4)	hit	0.0035904596823492906
(2, 17, 4)	stand	0.999999999997862
(3, 13, 4)	hit	-0.4637622010019073
(3, 13, 4)	stand	0.04043370853798292
(2, 13, 4)	hit	0.1825328531024149
(2, 13, 4)	stand	-0.41861006365973186
(3, 20, 9)	hit	-0.09570443035335956
(3, 20, 9)	stand	0.6866850107315948
(3, 14, 4)	hit	0.001751624225079228
(3, 14, 4)	stand	0.747124717020209
(3, 15, 10)	hit	-0.4087972113635295
(3, 15, 10)	stand	-0.8927163154754999
(3, 19, 10)	hit	-0.31483765121588675
(3, 19, 10)	stand	0.37488253213494094
(3, 17, 10)	hit	-0.3013809019269058
(3, 17, 10)	stand	-0.289656567607232
(3, 14, 9)	hit	-0.2702354075024631
(3, 14, 9)	stand	-0.22812278006903297
(3, 14, 10)	hit	-0.3751725348385564
(3, 14, 10)	stand	-0.556240557060758
(3, 16, 8)	hit	-0.09602746942231051
(3, 16, 8)	stand	0.1939618143899794
(3, 21, 11)	hit	-0.09297550778228919
(3, 21, 11)	stand	0.3473324225494059
(3, 15, 8)	hit	-0.4383161699587894
(3, 15, 8)	stand	-0.06972186519159967
(4, 16, 8)	hit	-0.09572447469005457
(4, 16, 8)	stand	-0.09269637786155127
(3, 19, 9)	hit	0.00766548017850001
(3, 19, 9)	stand	0.8513300307797061
(3, 16, 11)	hit	-0.3379184204365501
(3, 16, 11)	stand	-0.34193232135483087
(3, 16, 5)	hit	0.006887569808695348
(3, 16, 5)	stand	0.6885696532461779
(3, 20, 5)	hit	0.004568718330263304
(3, 20, 5)	stand	0.6547270187487789
(4, 14, 10)	hit	-0.2644911988826312
(4, 14, 10)	stand	-0.4367269635091229
(4, 20, 10)	hit	-0.09304766901422964
(4, 20, 10)	stand	0.10043847428064226
(3, 18, 5)	hit	-0.006606545739336972
(3, 18, 5)	stand	0.19265111202104224
(3, 15, 6)	hit	0.0011903348828954518
(3, 15, 6)	stand	0.40386824707913294
(3, 15, 9)	hit	-0.5345078473109094
(3, 15, 9)	stand	-0.21520441562595508
(3, 17, 11)	hit	-0.1809223724294201
(3, 17, 11)	stand	-0.18740689934261312
(3, 18, 9)	hit	-0.13191757062296572
(3, 18, 9)	stand	-0.08750547753504904
(3, 14, 5)	hit	-0.17757119263823506
(3, 14, 5)	stand	0.014949360052581795
(3, 16, 7)	hit	0.0028128056374278998
(3, 16, 7)	stand	0.048048793801337836
(3, 20, 8)	hit	-0.0926312431137573
(3, 20, 8)	stand	0.7728070008427234
(3, 16, 6)	hit	-0.09351924960189353
(3, 16, 6)	stand	0.7178118333293635
(3, 18, 8)	hit	0.0015862886073363324
(3, 18, 8)	stand	0.7473025631056934
(3, 15, 5)	hit	-0.1633227907276534
(3, 15, 5)	stand	0.19884741380820117
(3, 19, 5)	hit	-0.09299371676890734
(3, 19, 5)	stand	0.5718683518919134
(3, 15, 11)	hit	-0.03343952977890938
(3, 15, 11)	stand	-0.3420437606278896
(3, 21, 5)	hit	0.0047034673012677644
(3, 21, 5)	stand	0.5243984537319477
(3, 14, 7)	hit	0.09525326339900565
(3, 14, 7)	stand	-0.0938118727987422
(3, 17, 9)	hit	-0.2768035199899025
(3, 17, 9)	stand	-0.02465819257894601
(3, 16, 4)	hit	0.0010106327984347285
(3, 16, 4)	stand	0.27528305580215373
(3, 17, 5)	hit	0.003067144465135231
(3, 17, 5)	stand	0.6878929830150856
(3, 21, 4)	hit	0.008440611695192524
(3, 21, 4)	stand	0.19782470686026024
(3, 19, 7)	hit	-0.09341801464348723
(3, 19, 7)	stand	0.6873318935385414
(4, 14, 5)	hit	-0.09588853791330716
(4, 14, 5)	stand	-0.0056391159589785494
(3, 21, 8)	hit	0.001230289756604398
(3, 21, 8)	stand	0.47061404378928573
(3, 19, 4)	hit	0.10348994967814958
(3, 19, 4)	stand	3.4428427548240934e-05
(3, 14, 11)	hit	0.011864473919088223
(3, 14, 11)	stand	-0.18456288350857358
(3, 19, 8)	hit	-0.09399523479216321
(3, 19, 8)	stand	0.6526113177442796
(3, 19, 11)	hit	-0.09285866506630157
(3, 19, 11)	stand	0.0757959202287214
(3, 17, 7)	hit	-0.09456475291869548
(3, 17, 7)	stand	0.7471766719293681
(3, 21, 7)	hit	-0.09311935565243412
(3, 21, 7)	stand	0.6884383398786506
(3, 18, 7)	hit	-0.09342911957712172
(3, 18, 7)	stand	0.6873433207934624
(4, 16, 10)	hit	-0.09994517438249527
(4, 16, 10)	stand	0.09391430964378687
(3, 14, 6)	hit	0.004387098188084779
(3, 14, 6)	stand	0.3795149361116683
(3, 20, 4)	hit	-0.09198568354828225
(3, 20, 4)	stand	0.0030236491809536694
(3, 14, 8)	hit	-0.09754253203707235
(3, 14, 8)	stand	-0.15049625177663423
(4, 16, 9)	hit	-0.09490551321988352
(4, 16, 9)	stand	0.0009768208537449363
(3, 20, 6)	hit	-0.0919931932188964
(3, 20, 6)	stand	0.7185723249673759
(3, 19, 6)	hit	0.000906321970331403
(3, 19, 6)	stand	0.34991166525296397
(3, 18, 6)	hit	-0.00503901631943629
(3, 18, 6)	stand	0.19012166273448414
(3, 17, 6)	hit	0.0003083794635108483
(3, 17, 6)	stand	0.4732287155016399
(4, 14, 8)	hit	0.00031080081741852617
(4, 14, 8)	stand	-0.09845035431711982
(3, 21, 6)	hit	-0.09547461426682102
(3, 21, 6)	stand	0.4708692932480481
(4, 14, 7)	hit	-0.09223806258667518
(4, 14, 7)	stand	-0.09700048333104512
(3, 18, 11)	hit	-0.09878669362074002
(3, 18, 11)	stand	-0.10307957621949775
(3, 20, 11)	hit	0.0043136658859901115
(3, 20, 11)	stand	0.07761101876131102
(4, 18, 10)	hit	-0.09819078314654632
(4, 18, 10)	stand	0.001163741645232943
(4, 19, 9)	hit	0.003230963518105211
(4, 19, 9)	stand	0.10558359478809871
(4, 14, 6)	hit	-0.09729989783179147
(4, 14, 6)	stand	-0.004467741894922078
(4, 14, 9)	hit	-0.09500702502419994
(4, 14, 9)	stand	0.0025907065972052214
(4, 21, 10)	hit	-0.09578515971283832
(4, 21, 10)	stand	0.003143264152724152
